34.00 , 75.92
34.00 , 75.92
34.00 , 75.92
34.00 , 75.92
34.00 , 75.92
34.00 , 75.92
34.00 , 75.92
34.00 , 75.92
34.00 , 75.92
34.00 , 75.92
34.00 , 75.92
34.00 , 75.92
34.00 , 75.92
34.00 , 75.92
34.00 , 75.92
34.00 , 75.92
34.00 , 75.92
34.00 , 75.92
34.00 , 75.92
34.00 , 75.92
34.00 , 75.92
34.00 , 75.92
34.00 , 75.92
34.00 , 75.92
34.00 , 75.92
34.00 , 75.92
34.00 , 75.92
34.00 , 75.92
34.00 , 75.92
34.00 , 75.92
34.00 , 75.92
34.00 , 75.92
34.00 , 75.92
34.00 , 75.92
34.00 , 75.92
34.00 , 75.92
34.00 , 75.92
34.00 , 75.92
34.00 , 75.92
34.00 , 75.92
34.00 , 75.92
34.00 , 75.92
34.00 , 75.92
34.00 , 75.92
34.00 , 75.92
34.00 , 75.92
34.00 , 75.92
34.00 , 75.92
34.00 , 75.92
34.00 , 75.92
34.00 , 75.92
34.00 , 75.92
34.00 , 75.92
34.00 , 75.92
34.00 , 75.92
34.00 , 75.92
34.00 , 75.92
34.00 , 75.92
34.00 , 75.92
34.00 , 75.92
34.00 , 75.92
34.00 , 75.92
34.00 , 75.92
34.00 , 75.92
34.00 , 75.92
34.00 , 75.92
34.00 , 75.92
34.00 , 75.92
34.00 , 75.92
34.00 , 75.92
34.00 , 75.92
34.00 , 75.92
34.00 , 75.92
34.00 , 75.92
34.00 , 75.92
34.00 , 75.92
34.00 , 75.92
34.00 , 75.92
34.00 , 75.92
34.00 , 75.92
34.00 , 75.92
34.00 , 75.92
34.00 , 75.92
34.00 , 75.92
34.00 , 75.92
34.00 , 75.92
34.00 , 75.92
34.00 , 75.92
34.00 , 75.92
34.00 , 75.92
34.00 , 75.92
34.00 , 75.92
34.00 , 75.92
34.00 , 75.92
34.00 , 75.92
34.00 , 75.92
34.00 , 75.92
34.00 , 75.74
34.00 , 75.92
34.00 , 75.92
34.00 , 75.92
34.00 , 75.92
34.00 , 75.92
34.00 , 75.92
34.00 , 75.92
34.00 , 75.92
34.00 , 75.92
34.00 , 75.92
34.00 , 75.92
34.00 , 75.92
34.00 , 75.92
34.00 , 75.92
34.00 , 76.10
34.00 , 75.92
34.00 , 75.92
34.00 , 75.92
34.00 , 75.92
34.00 , 75.92
34.00 , 75.92
34.00 , 75.92
34.00 , 75.92
34.00 , 75.92
34.00 , 75.92
34.00 , 75.92
34.00 , 75.92
34.00 , 76.10
34.00 , 75.92
34.00 , 75.92
34.00 , 75.92
34.00 , 75.92
34.00 , 76.10
34.00 , 76.10
34.00 , 76.10
34.00 , 76.10
34.00 , 76.10
34.00 , 76.10
34.00 , 76.10
34.00 , 76.10
34.00 , 76.10
34.00 , 76.10
34.00 , 76.10
34.00 , 76.10
33.00 , 76.10
33.00 , 76.10
33.00 , 76.10
33.00 , 76.10
33.00 , 76.10
33.00 , 76.10
33.00 , 76.10
33.00 , 76.10
33.00 , 76.10
33.00 , 76.10
33.00 , 76.10
33.00 , 76.10
33.00 , 76.10
33.00 , 76.10
33.00 , 76.10
33.00 , 76.10
33.00 , 76.10
33.00 , 76.10
33.00 , 76.10
33.00 , 76.10
33.00 , 76.10
33.00 , 76.10
33.00 , 76.10
33.00 , 76.28
34.00 , 76.10
34.00 , 76.10
34.00 , 76.28
34.00 , 76.28
34.00 , 76.28
34.00 , 76.10
34.00 , 76.10
34.00 , 76.28
34.00 , 76.28
33.00 , 76.28
33.00 , 76.28
33.00 , 76.28
33.00 , 76.28
33.00 , 76.10
33.00 , 76.28
33.00 , 76.28
33.00 , 76.10
33.00 , 76.28
33.00 , 76.28
34.00 , 76.28
34.00 , 76.28
34.00 , 76.10
33.00 , 76.28
33.00 , 76.28
33.00 , 76.28
33.00 , 76.28
33.00 , 76.28
33.00 , 76.28
33.00 , 76.10
33.00 , 76.28
33.00 , 76.10
33.00 , 76.28
33.00 , 76.28
33.00 , 76.28
33.00 , 76.28
33.00 , 76.28
33.00 , 76.28
33.00 , 76.28
33.00 , 76.28
33.00 , 76.28
33.00 , 76.28
33.00 , 76.28
33.00 , 76.28
33.00 , 76.28
33.00 , 76.28
33.00 , 76.28
